ObjectType,x,y,z
Corner,-57.91335,0,84.80459
Corner,142.04,0,84.80459
Corner,142.04,0,-114.4163
Corner,-57.91335,0,-114.4163
BorderObj,-55.91335,0,84.80459
BorderObj,-55.91335,0,-114.4163
BorderObj,-53.91335,0,84.80459
BorderObj,-53.91335,0,-114.4163
BorderObj,-51.91335,0,84.80459
BorderObj,-51.91335,0,-114.4163
BorderObj,-49.91335,0,84.80459
BorderObj,-49.91335,0,-114.4163
BorderObj,-47.91335,0,84.80459
BorderObj,-47.91335,0,-114.4163
BorderObj,-45.91335,0,84.80459
BorderObj,-45.91335,0,-114.4163
BorderObj,-43.91335,0,84.80459
BorderObj,-43.91335,0,-114.4163
BorderObj,-41.91335,0,84.80459
BorderObj,-41.91335,0,-114.4163
BorderObj,-39.91335,0,84.80459
BorderObj,-39.91335,0,-114.4163
BorderObj,-37.91335,0,84.80459
BorderObj,-37.91335,0,-114.4163
BorderObj,-35.91335,0,84.80459
BorderObj,-35.91335,0,-114.4163
BorderObj,-33.91335,0,84.80459
BorderObj,-33.91335,0,-114.4163
BorderObj,-31.91335,0,84.80459
BorderObj,-31.91335,0,-114.4163
BorderObj,-29.91335,0,84.80459
BorderObj,-29.91335,0,-114.4163
BorderObj,-27.91335,0,84.80459
BorderObj,-27.91335,0,-114.4163
BorderObj,-25.91335,0,84.80459
BorderObj,-25.91335,0,-114.4163
BorderObj,-23.91335,0,84.80459
BorderObj,-23.91335,0,-114.4163
BorderObj,-21.91335,0,84.80459
BorderObj,-21.91335,0,-114.4163
BorderObj,-19.91335,0,84.80459
BorderObj,-19.91335,0,-114.4163
BorderObj,-17.91335,0,84.80459
BorderObj,-17.91335,0,-114.4163
BorderObj,-15.91335,0,84.80459
BorderObj,-15.91335,0,-114.4163
BorderObj,-13.91335,0,84.80459
BorderObj,-13.91335,0,-114.4163
BorderObj,-11.91335,0,84.80459
BorderObj,-11.91335,0,-114.4163
BorderObj,-9.913349,0,84.80459
BorderObj,-9.913349,0,-114.4163
BorderObj,-7.913349,0,84.80459
BorderObj,-7.913349,0,-114.4163
BorderObj,-5.913349,0,84.80459
BorderObj,-5.913349,0,-114.4163
BorderObj,-3.913349,0,84.80459
BorderObj,-3.913349,0,-114.4163
BorderObj,-1.913349,0,84.80459
BorderObj,-1.913349,0,-114.4163
BorderObj,0.08665085,0,84.80459
BorderObj,0.08665085,0,-114.4163
BorderObj,2.086651,0,84.80459
BorderObj,2.086651,0,-114.4163
BorderObj,4.086651,0,84.80459
BorderObj,4.086651,0,-114.4163
BorderObj,6.086651,0,84.80459
BorderObj,6.086651,0,-114.4163
BorderObj,8.086651,0,84.80459
BorderObj,8.086651,0,-114.4163
BorderObj,10.08665,0,84.80459
BorderObj,10.08665,0,-114.4163
BorderObj,12.08665,0,84.80459
BorderObj,12.08665,0,-114.4163
BorderObj,14.08665,0,84.80459
BorderObj,14.08665,0,-114.4163
BorderObj,16.08665,0,84.80459
BorderObj,16.08665,0,-114.4163
BorderObj,18.08665,0,84.80459
BorderObj,18.08665,0,-114.4163
BorderObj,20.08665,0,84.80459
BorderObj,20.08665,0,-114.4163
BorderObj,22.08665,0,84.80459
BorderObj,22.08665,0,-114.4163
BorderObj,24.08665,0,84.80459
BorderObj,24.08665,0,-114.4163
BorderObj,26.08665,0,84.80459
BorderObj,26.08665,0,-114.4163
BorderObj,28.08665,0,84.80459
BorderObj,28.08665,0,-114.4163
BorderObj,30.08665,0,84.80459
BorderObj,30.08665,0,-114.4163
BorderObj,32.08665,0,84.80459
BorderObj,32.08665,0,-114.4163
BorderObj,34.08665,0,84.80459
BorderObj,34.08665,0,-114.4163
BorderObj,36.08665,0,84.80459
BorderObj,36.08665,0,-114.4163
BorderObj,38.08665,0,84.80459
BorderObj,38.08665,0,-114.4163
BorderObj,40.08665,0,84.80459
BorderObj,40.08665,0,-114.4163
BorderObj,42.08665,0,84.80459
BorderObj,42.08665,0,-114.4163
BorderObj,44.08665,0,84.80459
BorderObj,44.08665,0,-114.4163
BorderObj,46.08665,0,84.80459
BorderObj,46.08665,0,-114.4163
BorderObj,48.08665,0,84.80459
BorderObj,48.08665,0,-114.4163
BorderObj,50.08665,0,84.80459
BorderObj,50.08665,0,-114.4163
BorderObj,52.08665,0,84.80459
BorderObj,52.08665,0,-114.4163
BorderObj,54.08665,0,84.80459
BorderObj,54.08665,0,-114.4163
BorderObj,56.08665,0,84.80459
BorderObj,56.08665,0,-114.4163
BorderObj,58.08665,0,84.80459
BorderObj,58.08665,0,-114.4163
BorderObj,60.08665,0,84.80459
BorderObj,60.08665,0,-114.4163
BorderObj,62.08665,0,84.80459
BorderObj,62.08665,0,-114.4163
BorderObj,64.08665,0,84.80459
BorderObj,64.08665,0,-114.4163
BorderObj,66.08665,0,84.80459
BorderObj,66.08665,0,-114.4163
BorderObj,68.08665,0,84.80459
BorderObj,68.08665,0,-114.4163
BorderObj,70.08665,0,84.80459
BorderObj,70.08665,0,-114.4163
BorderObj,72.08665,0,84.80459
BorderObj,72.08665,0,-114.4163
BorderObj,74.08665,0,84.80459
BorderObj,74.08665,0,-114.4163
BorderObj,76.08665,0,84.80459
BorderObj,76.08665,0,-114.4163
BorderObj,78.08665,0,84.80459
BorderObj,78.08665,0,-114.4163
BorderObj,80.08665,0,84.80459
BorderObj,80.08665,0,-114.4163
BorderObj,82.08665,0,84.80459
BorderObj,82.08665,0,-114.4163
BorderObj,84.08665,0,84.80459
BorderObj,84.08665,0,-114.4163
BorderObj,86.08665,0,84.80459
BorderObj,86.08665,0,-114.4163
BorderObj,88.08665,0,84.80459
BorderObj,88.08665,0,-114.4163
BorderObj,90.08665,0,84.80459
BorderObj,90.08665,0,-114.4163
BorderObj,92.08665,0,84.80459
BorderObj,92.08665,0,-114.4163
BorderObj,94.08665,0,84.80459
BorderObj,94.08665,0,-114.4163
BorderObj,96.08665,0,84.80459
BorderObj,96.08665,0,-114.4163
BorderObj,98.08665,0,84.80459
BorderObj,98.08665,0,-114.4163
BorderObj,100.0867,0,84.80459
BorderObj,100.0867,0,-114.4163
BorderObj,102.0867,0,84.80459
BorderObj,102.0867,0,-114.4163
BorderObj,104.0867,0,84.80459
BorderObj,104.0867,0,-114.4163
BorderObj,106.0867,0,84.80459
BorderObj,106.0867,0,-114.4163
BorderObj,108.0867,0,84.80459
BorderObj,108.0867,0,-114.4163
BorderObj,110.0867,0,84.80459
BorderObj,110.0867,0,-114.4163
BorderObj,112.0867,0,84.80459
BorderObj,112.0867,0,-114.4163
BorderObj,114.0867,0,84.80459
BorderObj,114.0867,0,-114.4163
BorderObj,116.0867,0,84.80459
BorderObj,116.0867,0,-114.4163
BorderObj,118.0867,0,84.80459
BorderObj,118.0867,0,-114.4163
BorderObj,120.0867,0,84.80459
BorderObj,120.0867,0,-114.4163
BorderObj,122.0867,0,84.80459
BorderObj,122.0867,0,-114.4163
BorderObj,124.0867,0,84.80459
BorderObj,124.0867,0,-114.4163
BorderObj,126.0867,0,84.80459
BorderObj,126.0867,0,-114.4163
BorderObj,128.0867,0,84.80459
BorderObj,128.0867,0,-114.4163
BorderObj,130.0867,0,84.80459
BorderObj,130.0867,0,-114.4163
BorderObj,132.0867,0,84.80459
BorderObj,132.0867,0,-114.4163
BorderObj,134.0867,0,84.80459
BorderObj,134.0867,0,-114.4163
BorderObj,136.0867,0,84.80459
BorderObj,136.0867,0,-114.4163
BorderObj,138.0867,0,84.80459
BorderObj,138.0867,0,-114.4163
BorderObj,140.0867,0,84.80459
BorderObj,140.0867,0,-114.4163
BorderObj,-57.91335,0,-112.4163
BorderObj,142.04,0,-112.4163
BorderObj,-57.91335,0,-110.4163
BorderObj,142.04,0,-110.4163
BorderObj,-57.91335,0,-108.4163
BorderObj,142.04,0,-108.4163
BorderObj,-57.91335,0,-106.4163
BorderObj,142.04,0,-106.4163
BorderObj,-57.91335,0,-104.4163
BorderObj,142.04,0,-104.4163
BorderObj,-57.91335,0,-102.4163
BorderObj,142.04,0,-102.4163
BorderObj,-57.91335,0,-100.4163
BorderObj,142.04,0,-100.4163
BorderObj,-57.91335,0,-98.41632
BorderObj,142.04,0,-98.41632
BorderObj,-57.91335,0,-96.41632
BorderObj,142.04,0,-96.41632
BorderObj,-57.91335,0,-94.41632
BorderObj,142.04,0,-94.41632
BorderObj,-57.91335,0,-92.41632
BorderObj,142.04,0,-92.41632
BorderObj,-57.91335,0,-90.41632
BorderObj,142.04,0,-90.41632
BorderObj,-57.91335,0,-88.41632
BorderObj,142.04,0,-88.41632
BorderObj,-57.91335,0,-86.41632
BorderObj,142.04,0,-86.41632
BorderObj,-57.91335,0,-84.41632
BorderObj,142.04,0,-84.41632
BorderObj,-57.91335,0,-82.41632
BorderObj,142.04,0,-82.41632
BorderObj,-57.91335,0,-80.41632
BorderObj,142.04,0,-80.41632
BorderObj,-57.91335,0,-78.41632
BorderObj,142.04,0,-78.41632
BorderObj,-57.91335,0,-76.41632
BorderObj,142.04,0,-76.41632
BorderObj,-57.91335,0,-74.41632
BorderObj,142.04,0,-74.41632
BorderObj,-57.91335,0,-72.41632
BorderObj,142.04,0,-72.41632
BorderObj,-57.91335,0,-70.41632
BorderObj,142.04,0,-70.41632
BorderObj,-57.91335,0,-68.41632
BorderObj,142.04,0,-68.41632
BorderObj,-57.91335,0,-66.41632
BorderObj,142.04,0,-66.41632
BorderObj,-57.91335,0,-64.41632
BorderObj,142.04,0,-64.41632
BorderObj,-57.91335,0,-62.41632
BorderObj,142.04,0,-62.41632
BorderObj,-57.91335,0,-60.41632
BorderObj,142.04,0,-60.41632
BorderObj,-57.91335,0,-58.41632
BorderObj,142.04,0,-58.41632
BorderObj,-57.91335,0,-56.41632
BorderObj,142.04,0,-56.41632
BorderObj,-57.91335,0,-54.41632
BorderObj,142.04,0,-54.41632
BorderObj,-57.91335,0,-52.41632
BorderObj,142.04,0,-52.41632
BorderObj,-57.91335,0,-50.41632
BorderObj,142.04,0,-50.41632
BorderObj,-57.91335,0,-48.41632
BorderObj,142.04,0,-48.41632
BorderObj,-57.91335,0,-46.41632
BorderObj,142.04,0,-46.41632
BorderObj,-57.91335,0,-44.41632
BorderObj,142.04,0,-44.41632
BorderObj,-57.91335,0,-42.41632
BorderObj,142.04,0,-42.41632
BorderObj,-57.91335,0,-40.41632
BorderObj,142.04,0,-40.41632
BorderObj,-57.91335,0,-38.41632
BorderObj,142.04,0,-38.41632
BorderObj,-57.91335,0,-36.41632
BorderObj,142.04,0,-36.41632
BorderObj,-57.91335,0,-34.41632
BorderObj,142.04,0,-34.41632
BorderObj,-57.91335,0,-32.41632
BorderObj,142.04,0,-32.41632
BorderObj,-57.91335,0,-30.41632
BorderObj,142.04,0,-30.41632
BorderObj,-57.91335,0,-28.41632
BorderObj,142.04,0,-28.41632
BorderObj,-57.91335,0,-26.41632
BorderObj,142.04,0,-26.41632
BorderObj,-57.91335,0,-24.41632
BorderObj,142.04,0,-24.41632
BorderObj,-57.91335,0,-22.41632
BorderObj,142.04,0,-22.41632
BorderObj,-57.91335,0,-20.41632
BorderObj,142.04,0,-20.41632
BorderObj,-57.91335,0,-18.41632
BorderObj,142.04,0,-18.41632
BorderObj,-57.91335,0,-16.41632
BorderObj,142.04,0,-16.41632
BorderObj,-57.91335,0,-14.41632
BorderObj,142.04,0,-14.41632
BorderObj,-57.91335,0,-12.41632
BorderObj,142.04,0,-12.41632
BorderObj,-57.91335,0,-10.41632
BorderObj,142.04,0,-10.41632
BorderObj,-57.91335,0,-8.416321
BorderObj,142.04,0,-8.416321
BorderObj,-57.91335,0,-6.416321
BorderObj,142.04,0,-6.416321
BorderObj,-57.91335,0,-4.416321
BorderObj,142.04,0,-4.416321
BorderObj,-57.91335,0,-2.416321
BorderObj,142.04,0,-2.416321
BorderObj,-57.91335,0,-0.4163208
BorderObj,142.04,0,-0.4163208
BorderObj,-57.91335,0,1.583679
BorderObj,142.04,0,1.583679
BorderObj,-57.91335,0,3.583679
BorderObj,142.04,0,3.583679
BorderObj,-57.91335,0,5.583679
BorderObj,142.04,0,5.583679
BorderObj,-57.91335,0,7.583679
BorderObj,142.04,0,7.583679
BorderObj,-57.91335,0,9.583679
BorderObj,142.04,0,9.583679
BorderObj,-57.91335,0,11.58368
BorderObj,142.04,0,11.58368
BorderObj,-57.91335,0,13.58368
BorderObj,142.04,0,13.58368
BorderObj,-57.91335,0,15.58368
BorderObj,142.04,0,15.58368
BorderObj,-57.91335,0,17.58368
BorderObj,142.04,0,17.58368
BorderObj,-57.91335,0,19.58368
BorderObj,142.04,0,19.58368
BorderObj,-57.91335,0,21.58368
BorderObj,142.04,0,21.58368
BorderObj,-57.91335,0,23.58368
BorderObj,142.04,0,23.58368
BorderObj,-57.91335,0,25.58368
BorderObj,142.04,0,25.58368
BorderObj,-57.91335,0,27.58368
BorderObj,142.04,0,27.58368
BorderObj,-57.91335,0,29.58368
BorderObj,142.04,0,29.58368
BorderObj,-57.91335,0,31.58368
BorderObj,142.04,0,31.58368
BorderObj,-57.91335,0,33.58368
BorderObj,142.04,0,33.58368
BorderObj,-57.91335,0,35.58368
BorderObj,142.04,0,35.58368
BorderObj,-57.91335,0,37.58368
BorderObj,142.04,0,37.58368
BorderObj,-57.91335,0,39.58368
BorderObj,142.04,0,39.58368
BorderObj,-57.91335,0,41.58368
BorderObj,142.04,0,41.58368
BorderObj,-57.91335,0,43.58368
BorderObj,142.04,0,43.58368
BorderObj,-57.91335,0,45.58368
BorderObj,142.04,0,45.58368
BorderObj,-57.91335,0,47.58368
BorderObj,142.04,0,47.58368
BorderObj,-57.91335,0,49.58368
BorderObj,142.04,0,49.58368
BorderObj,-57.91335,0,51.58368
BorderObj,142.04,0,51.58368
BorderObj,-57.91335,0,53.58368
BorderObj,142.04,0,53.58368
BorderObj,-57.91335,0,55.58368
BorderObj,142.04,0,55.58368
BorderObj,-57.91335,0,57.58368
BorderObj,142.04,0,57.58368
BorderObj,-57.91335,0,59.58368
BorderObj,142.04,0,59.58368
BorderObj,-57.91335,0,61.58368
BorderObj,142.04,0,61.58368
BorderObj,-57.91335,0,63.58368
BorderObj,142.04,0,63.58368
BorderObj,-57.91335,0,65.58368
BorderObj,142.04,0,65.58368
BorderObj,-57.91335,0,67.58368
BorderObj,142.04,0,67.58368
BorderObj,-57.91335,0,69.58368
BorderObj,142.04,0,69.58368
BorderObj,-57.91335,0,71.58368
BorderObj,142.04,0,71.58368
BorderObj,-57.91335,0,73.58368
BorderObj,142.04,0,73.58368
BorderObj,-57.91335,0,75.58368
BorderObj,142.04,0,75.58368
BorderObj,-57.91335,0,77.58368
BorderObj,142.04,0,77.58368
BorderObj,-57.91335,0,79.58368
BorderObj,142.04,0,79.58368
BorderObj,-57.91335,0,81.58368
BorderObj,142.04,0,81.58368
BorderObj,-57.91335,0,83.58368
BorderObj,142.04,0,83.58368
Obstacle,109.5123,0,0.8035431
Obstacle,-17.10993,0,72.58191
Obstacle,36.40016,0,-68.21649
Obstacle,54.71606,0,44.54541
Obstacle,30.0264,0,-88.33529
Obstacle,45.59134,0,47.52127
Obstacle,31.06078,0,-84.83133
Obstacle,28.47292,0,77.03818
Obstacle,5.498119,0,-94.52335
Obstacle,15.35059,0,-52.02377
Obstacle,-46.8371,0,70.1949
Obstacle,25.84411,0,-42.2261
Obstacle,67.86248,0,-39.04564
Obstacle,47.70125,0,-98.16615
Obstacle,-15.91644,0,53.54482
Obstacle,128.8414,0,30.04663
Obstacle,6.515427,0,6.388855
Obstacle,111.2139,0,74.95811
Obstacle,22.6817,0,45.56326
Obstacle,118.5806,0,32.41533
Obstacle,2.968468,0,-21.99818
Obstacle,56.24283,0,-15.66312
Obstacle,141.7548,0,-26.46007
Obstacle,76.39823,0,47.94481
Obstacle,-3.244724,0,64.72579
Obstacle,67.84584,0,49.9102
Obstacle,-36.27209,0,75.46791
Obstacle,73.02714,0,80.61684
Obstacle,74.2609,0,-44.16974
Obstacle,73.2547,0,84.40328
Obstacle,90.21098,0,-26.6087
Obstacle,48.74798,0,-94.14801
Obstacle,-48.7865,0,-9.279442
Obstacle,100.4828,0,-90.76338
Obstacle,141.7859,0,-97.90306
Obstacle,137.8985,0,-5.073971
Obstacle,97.08055,0,-73.70216
Obstacle,40.51635,0,-87.71446
Obstacle,-12.32701,0,-27.55388
Obstacle,75.8063,0,-49.76935
Obstacle,86.03496,0,-44.78735
Obstacle,76.88532,0,45.60727
Obstacle,123.9746,0,47.39049
Obstacle,-40.4827,0,12.94066
Obstacle,-31.3615,0,7.153568
Obstacle,-57.17519,0,-59.50201
Obstacle,95.79132,0,-54.86853
Obstacle,52.53387,0,68.85199
Obstacle,43.9677,0,60.49736
Obstacle,-37.32847,0,-80.55203
Obstacle,14.5085,0,43.91368
Obstacle,132.223,0,-45.487
Obstacle,76.63893,0,-15.76712
Obstacle,30.64622,0,35.53264
Obstacle,133.6675,0,-113.1019
Obstacle,-38.16257,0,-68.33346
Obstacle,39.97217,0,-64.39136
Obstacle,-47.08781,0,-95.18154
Obstacle,112.9514,0,13.90142
Obstacle,-2.484371,0,49.69302
Obstacle,-44.65122,0,-80.11547
Obstacle,-0.3770981,0,7.442215
Obstacle,-1.155449,0,-8.25655
Obstacle,-0.1835747,0,-109.4019
Obstacle,104.542,0,26.09532
Obstacle,113.93,0,-85.22504
Obstacle,126.4532,0,31.93063
Obstacle,100.5852,0,80.91631
Obstacle,124.9062,0,2.945324
Obstacle,46.65563,0,-55.88969
Obstacle,-9.426918,0,7.411556
Obstacle,36.27234,0,28.26963
Obstacle,51.55255,0,28.08128
Obstacle,126.1548,0,-47.6246
Obstacle,31.97633,0,14.67279
Obstacle,127.0089,0,62.1743
Obstacle,10.40961,0,16.08274
Obstacle,86.76292,0,-56.49646
Obstacle,17.02647,0,-88.66295
Obstacle,-43.99798,0,31.56827
Obstacle,113.5812,0,-54.61761
Obstacle,-51.37605,0,-111.5575
Obstacle,141.165,0,-90.14329
Obstacle,-55.08062,0,52.71384
Obstacle,113.3254,0,10.64088
Obstacle,-1.89492,0,-24.48211
Obstacle,-31.86142,0,-60.5391
Obstacle,2.258408,0,-29.34087
Obstacle,85.34245,0,-25.76242
Obstacle,119.8089,0,-40.11057
Obstacle,-36.83401,0,65.82789
Obstacle,62.14567,0,-32.28717
Obstacle,30.00645,0,11.76585
Obstacle,32.95007,0,-44.13499
Obstacle,48.64219,0,-32.48899
Obstacle,57.17013,0,70.65269
Obstacle,126.7647,0,-68.39574
Obstacle,26.94944,0,51.13451
Obstacle,46.56638,0,13.09811
Obstacle,-12.04055,0,65.13675
Obstacle,-40.16408,0,-75.85802
Obstacle,42.19142,0,50.52685
Obstacle,42.1058,0,-70.6107
Obstacle,93.11,0,-64.35245
Obstacle,32.58813,0,71.71118
Obstacle,129.7776,0,51.7209
Obstacle,112.087,0,45.13706
Obstacle,-15.9943,0,-2.947823
Obstacle,-55.67738,0,10.4098
Obstacle,-8.327324,0,80.55666
Obstacle,89.13506,0,39.25335
Obstacle,141.9265,0,-71.23433
Obstacle,10.99846,0,74.74488
Obstacle,-8.966808,0,-84.36192
Obstacle,119.5891,0,-59.34898
Obstacle,22.87196,0,79.3324
Obstacle,-11.07372,0,14.86856
Obstacle,-24.93801,0,-44.89691
Obstacle,114.5662,0,-43.80469
Obstacle,-52.30438,0,-1.519936
Obstacle,64.57556,0,-21.87004
Obstacle,31.52013,0,48.90842
Obstacle,13.38774,0,44.28395
Obstacle,28.01598,0,-81.17494
Obstacle,46.71889,0,-14.37286
Obstacle,85.62969,0,-77.15678
Obstacle,100.0021,0,-38.26332
Obstacle,1.40559,0,-104.546
Obstacle,-27.21139,0,-98.68459
Obstacle,81.38147,0,60.94059
Obstacle,-0.6213722,0,-102.8433
Obstacle,79.201,0,78.53252
Obstacle,114.4372,0,-51.27734
Obstacle,0.4603882,0,-68.57202
Obstacle,13.75935,0,80.85027
Obstacle,86.61563,0,10.6608
Obstacle,33.90373,0,18.37284
Obstacle,98.48228,0,-5.686459
Obstacle,44.49873,0,16.36144
Obstacle,82.91792,0,31.64387
Obstacle,72.69226,0,42.98593
Obstacle,-4.776066,0,-24.3135
Obstacle,120.5243,0,-18.75488
Obstacle,-49.85132,0,82.73653
Obstacle,-4.253239,0,-90.26166
Obstacle,-19.68384,0,30.04924
Obstacle,64.28428,0,20.7783
Obstacle,87.3916,0,-73.35148
Obstacle,103.8559,0,32.24588
Obstacle,-2.056057,0,-104.0836
Obstacle,14.02455,0,12.40548
Obstacle,105.8886,0,37.65017
Obstacle,63.22483,0,-50.42645
Obstacle,12.32178,0,-108.1337
Obstacle,123.7314,0,-71.90096
Obstacle,28.27463,0,46.01378
Obstacle,67.92905,0,42.72417
Obstacle,58.06372,0,16.4306
Obstacle,73.4257,0,-50.53565
Obstacle,22.36656,0,30.28421
Obstacle,-46.52415,0,-61.97044
Obstacle,-22.97373,0,43.94702
Obstacle,-27.14701,0,39.83919
Obstacle,46.63684,0,60.66689
Obstacle,74.29611,0,-50.1132
Obstacle,15.51656,0,-52.76034
Obstacle,107.6511,0,31.77645
Obstacle,137.8935,0,38.57968
Obstacle,46.65176,0,39.71925
Obstacle,55.61163,0,62.70818
Obstacle,91.27528,0,62.26407
Obstacle,-13.11163,0,-37.40771
Obstacle,31.13855,0,-10.96282
Obstacle,14.13913,0,-84.97245
Obstacle,107.7803,0,12.69977
Obstacle,85.53107,0,80.86245
Obstacle,122.0231,0,9.470592
Obstacle,-41.84375,0,-75.87051
Obstacle,91.6404,0,72.66026
Obstacle,21.11182,0,-5.230099
Obstacle,48.19245,0,-97.64522
Obstacle,117.4459,0,-71.41969
Obstacle,39.12727,0,57.3012
Obstacle,73.49378,0,-8.859703
Obstacle,15.91048,0,-51.99486
Obstacle,77.38396,0,52.44615
Obstacle,132.9959,0,21.42933
Obstacle,-21.6123,0,-55.25902
Obstacle,-2.452858,0,-43.12365
Obstacle,61.14607,0,-81.79322
Obstacle,-1.808086,0,76.79983
Obstacle,-21.33803,0,-70.31729
Obstacle,128.194,0,-108.728
Obstacle,133.6597,0,-107.7491
Obstacle,112.5268,0,-46.79087
Obstacle,74.19485,0,-22.45521
Obstacle,93.3242,0,66.45441
Obstacle,100.868,0,51.46724
Obstacle,3.619892,0,21.68409
Obstacle,132.6533,0,-27.1581
Obstacle,56.10017,0,62.16285
Obstacle,-11.34028,0,32.12535
Obstacle,45.59934,0,-29.37424
Obstacle,16.99195,0,-47.34873
Obstacle,54.35847,0,45.11711
Obstacle,-22.70111,0,-106.4869
Obstacle,98.55948,0,12.79451
Obstacle,-51.12935,0,0.5983772
Obstacle,15.69967,0,-94.97367
Obstacle,-6.264095,0,-29.42542
Obstacle,117.5066,0,-35.40411
Obstacle,67.01546,0,-37.52097
Obstacle,11.67296,0,-105.753
Obstacle,21.09635,0,52.99644
Obstacle,-29.67506,0,17.20726
Obstacle,26.34081,0,-93.76767
Obstacle,-26.01583,0,-48.44313
Obstacle,51.04065,0,29.15003
Obstacle,135.7901,0,-33.25086
Obstacle,5.600876,0,-12.42385
Obstacle,56.5567,0,-13.5458
Obstacle,99.57838,0,-13.28155
Obstacle,-7.160576,0,1.551376
Obstacle,-11.7521,0,1.128883
Obstacle,76.79682,0,33.26219
Obstacle,124.1403,0,71.85987
Obstacle,81.38869,0,-73.59752
Obstacle,28.69367,0,-95.07399
Obstacle,103.5764,0,65.89669
Obstacle,108.5663,0,0.1391907
Obstacle,94.02233,0,54.79637
Obstacle,78.56039,0,12.78002
Obstacle,24.97852,0,3.545555
Obstacle,33.0676,0,-4.912289
Obstacle,-4.658146,0,9.16663
Obstacle,16.98631,0,-109.3128
Obstacle,81.43817,0,64.04225
Obstacle,-3.862705,0,-59.23553
Obstacle,129.2124,0,50.88221
Obstacle,42.93958,0,-37.20345
Obstacle,127.0009,0,-104.3577
Obstacle,-28.0952,0,-88.07143
Obstacle,-32.99806,0,-88.64587
Obstacle,-8.24192,0,-108.7849
Obstacle,-15.09581,0,-63.10309
Obstacle,72.25379,0,-50.32906
Obstacle,28.59261,0,-79.15057
Obstacle,-42.50995,0,-13.47484
Obstacle,62.54831,0,49.99915
Obstacle,91.70008,0,18.62097
Obstacle,33.47659,0,15.84205
Obstacle,54.62572,0,63.61883
Obstacle,48.74173,0,1.162392
Obstacle,4.514301,0,15.11011
Obstacle,-52.30362,0,21.51597
Obstacle,74.03939,0,49.0461
Obstacle,79.87396,0,-68.58933
Obstacle,-3.302433,0,-84.12732
Obstacle,-52.43303,0,60.29046
Obstacle,59.3735,0,-55.44727
Obstacle,-42.73804,0,-3.588284
Obstacle,-45.75867,0,-39.47796
Obstacle,84.25324,0,17.66908
Target,43.02031,0.5,-13.64789
Target,48.02031,0,-8.647888
Target,53.02031,0,-3.647888
Target,58.02031,0,1.352112
Target,63.02031,0,6.352112
Target,68.02031,0,11.35211
Target,73.02031,0,16.35211
Target,78.02031,0,21.35211
Target,83.02031,0,26.35211
ObjectType,x,y,z
Corner,-153.3447,0,210.7679
Corner,46.60865,0,210.7679
Corner,46.60865,0,11.54696
Corner,-153.3447,0,11.54696
BorderObj,-151.3447,0,210.7679
BorderObj,-151.3447,0,11.54696
BorderObj,-149.3447,0,210.7679
BorderObj,-149.3447,0,11.54696
BorderObj,-147.3447,0,210.7679
BorderObj,-147.3447,0,11.54696
BorderObj,-145.3447,0,210.7679
BorderObj,-145.3447,0,11.54696
BorderObj,-143.3447,0,210.7679
BorderObj,-143.3447,0,11.54696
BorderObj,-141.3447,0,210.7679
BorderObj,-141.3447,0,11.54696
BorderObj,-139.3447,0,210.7679
BorderObj,-139.3447,0,11.54696
BorderObj,-137.3447,0,210.7679
BorderObj,-137.3447,0,11.54696
BorderObj,-135.3447,0,210.7679
BorderObj,-135.3447,0,11.54696
BorderObj,-133.3447,0,210.7679
BorderObj,-133.3447,0,11.54696
BorderObj,-131.3447,0,210.7679
BorderObj,-131.3447,0,11.54696
BorderObj,-129.3447,0,210.7679
BorderObj,-129.3447,0,11.54696
BorderObj,-127.3447,0,210.7679
BorderObj,-127.3447,0,11.54696
BorderObj,-125.3447,0,210.7679
BorderObj,-125.3447,0,11.54696
BorderObj,-123.3447,0,210.7679
BorderObj,-123.3447,0,11.54696
BorderObj,-121.3447,0,210.7679
BorderObj,-121.3447,0,11.54696
BorderObj,-119.3447,0,210.7679
BorderObj,-119.3447,0,11.54696
BorderObj,-117.3447,0,210.7679
BorderObj,-117.3447,0,11.54696
BorderObj,-115.3447,0,210.7679
BorderObj,-115.3447,0,11.54696
BorderObj,-113.3447,0,210.7679
BorderObj,-113.3447,0,11.54696
BorderObj,-111.3447,0,210.7679
BorderObj,-111.3447,0,11.54696
BorderObj,-109.3447,0,210.7679
BorderObj,-109.3447,0,11.54696
BorderObj,-107.3447,0,210.7679
BorderObj,-107.3447,0,11.54696
BorderObj,-105.3447,0,210.7679
BorderObj,-105.3447,0,11.54696
BorderObj,-103.3447,0,210.7679
BorderObj,-103.3447,0,11.54696
BorderObj,-101.3447,0,210.7679
BorderObj,-101.3447,0,11.54696
BorderObj,-99.34468,0,210.7679
BorderObj,-99.34468,0,11.54696
BorderObj,-97.34468,0,210.7679
BorderObj,-97.34468,0,11.54696
BorderObj,-95.34468,0,210.7679
BorderObj,-95.34468,0,11.54696
BorderObj,-93.34468,0,210.7679
BorderObj,-93.34468,0,11.54696
BorderObj,-91.34468,0,210.7679
BorderObj,-91.34468,0,11.54696
BorderObj,-89.34468,0,210.7679
BorderObj,-89.34468,0,11.54696
BorderObj,-87.34468,0,210.7679
BorderObj,-87.34468,0,11.54696
BorderObj,-85.34468,0,210.7679
BorderObj,-85.34468,0,11.54696
BorderObj,-83.34468,0,210.7679
BorderObj,-83.34468,0,11.54696
BorderObj,-81.34468,0,210.7679
BorderObj,-81.34468,0,11.54696
BorderObj,-79.34468,0,210.7679
BorderObj,-79.34468,0,11.54696
BorderObj,-77.34468,0,210.7679
BorderObj,-77.34468,0,11.54696
BorderObj,-75.34468,0,210.7679
BorderObj,-75.34468,0,11.54696
BorderObj,-73.34468,0,210.7679
BorderObj,-73.34468,0,11.54696
BorderObj,-71.34468,0,210.7679
BorderObj,-71.34468,0,11.54696
BorderObj,-69.34468,0,210.7679
BorderObj,-69.34468,0,11.54696
BorderObj,-67.34468,0,210.7679
BorderObj,-67.34468,0,11.54696
BorderObj,-65.34468,0,210.7679
BorderObj,-65.34468,0,11.54696
BorderObj,-63.34468,0,210.7679
BorderObj,-63.34468,0,11.54696
BorderObj,-61.34468,0,210.7679
BorderObj,-61.34468,0,11.54696
BorderObj,-59.34468,0,210.7679
BorderObj,-59.34468,0,11.54696
BorderObj,-57.34468,0,210.7679
BorderObj,-57.34468,0,11.54696
BorderObj,-55.34468,0,210.7679
BorderObj,-55.34468,0,11.54696
BorderObj,-53.34468,0,210.7679
BorderObj,-53.34468,0,11.54696
BorderObj,-51.34468,0,210.7679
BorderObj,-51.34468,0,11.54696
BorderObj,-49.34468,0,210.7679
BorderObj,-49.34468,0,11.54696
BorderObj,-47.34468,0,210.7679
BorderObj,-47.34468,0,11.54696
BorderObj,-45.34468,0,210.7679
BorderObj,-45.34468,0,11.54696
BorderObj,-43.34468,0,210.7679
BorderObj,-43.34468,0,11.54696
BorderObj,-41.34468,0,210.7679
BorderObj,-41.34468,0,11.54696
BorderObj,-39.34468,0,210.7679
BorderObj,-39.34468,0,11.54696
BorderObj,-37.34468,0,210.7679
BorderObj,-37.34468,0,11.54696
BorderObj,-35.34468,0,210.7679
BorderObj,-35.34468,0,11.54696
BorderObj,-33.34468,0,210.7679
BorderObj,-33.34468,0,11.54696
BorderObj,-31.34468,0,210.7679
BorderObj,-31.34468,0,11.54696
BorderObj,-29.34468,0,210.7679
BorderObj,-29.34468,0,11.54696
BorderObj,-27.34468,0,210.7679
BorderObj,-27.34468,0,11.54696
BorderObj,-25.34468,0,210.7679
BorderObj,-25.34468,0,11.54696
BorderObj,-23.34468,0,210.7679
BorderObj,-23.34468,0,11.54696
BorderObj,-21.34468,0,210.7679
BorderObj,-21.34468,0,11.54696
BorderObj,-19.34468,0,210.7679
BorderObj,-19.34468,0,11.54696
BorderObj,-17.34468,0,210.7679
BorderObj,-17.34468,0,11.54696
BorderObj,-15.34468,0,210.7679
BorderObj,-15.34468,0,11.54696
BorderObj,-13.34468,0,210.7679
BorderObj,-13.34468,0,11.54696
BorderObj,-11.34468,0,210.7679
BorderObj,-11.34468,0,11.54696
BorderObj,-9.344681,0,210.7679
BorderObj,-9.344681,0,11.54696
BorderObj,-7.344681,0,210.7679
BorderObj,-7.344681,0,11.54696
BorderObj,-5.344681,0,210.7679
BorderObj,-5.344681,0,11.54696
BorderObj,-3.344681,0,210.7679
BorderObj,-3.344681,0,11.54696
BorderObj,-1.344681,0,210.7679
BorderObj,-1.344681,0,11.54696
BorderObj,0.6553192,0,210.7679
BorderObj,0.6553192,0,11.54696
BorderObj,2.655319,0,210.7679
BorderObj,2.655319,0,11.54696
BorderObj,4.655319,0,210.7679
BorderObj,4.655319,0,11.54696
BorderObj,6.655319,0,210.7679
BorderObj,6.655319,0,11.54696
BorderObj,8.655319,0,210.7679
BorderObj,8.655319,0,11.54696
BorderObj,10.65532,0,210.7679
BorderObj,10.65532,0,11.54696
BorderObj,12.65532,0,210.7679
BorderObj,12.65532,0,11.54696
BorderObj,14.65532,0,210.7679
BorderObj,14.65532,0,11.54696
BorderObj,16.65532,0,210.7679
BorderObj,16.65532,0,11.54696
BorderObj,18.65532,0,210.7679
BorderObj,18.65532,0,11.54696
BorderObj,20.65532,0,210.7679
BorderObj,20.65532,0,11.54696
BorderObj,22.65532,0,210.7679
BorderObj,22.65532,0,11.54696
BorderObj,24.65532,0,210.7679
BorderObj,24.65532,0,11.54696
BorderObj,26.65532,0,210.7679
BorderObj,26.65532,0,11.54696
BorderObj,28.65532,0,210.7679
BorderObj,28.65532,0,11.54696
BorderObj,30.65532,0,210.7679
BorderObj,30.65532,0,11.54696
BorderObj,32.65532,0,210.7679
BorderObj,32.65532,0,11.54696
BorderObj,34.65532,0,210.7679
BorderObj,34.65532,0,11.54696
BorderObj,36.65532,0,210.7679
BorderObj,36.65532,0,11.54696
BorderObj,38.65532,0,210.7679
BorderObj,38.65532,0,11.54696
BorderObj,40.65532,0,210.7679
BorderObj,40.65532,0,11.54696
BorderObj,42.65532,0,210.7679
BorderObj,42.65532,0,11.54696
BorderObj,44.65532,0,210.7679
BorderObj,44.65532,0,11.54696
BorderObj,-153.3447,0,13.54696
BorderObj,46.60865,0,13.54696
BorderObj,-153.3447,0,15.54696
BorderObj,46.60865,0,15.54696
BorderObj,-153.3447,0,17.54696
BorderObj,46.60865,0,17.54696
BorderObj,-153.3447,0,19.54696
BorderObj,46.60865,0,19.54696
BorderObj,-153.3447,0,21.54696
BorderObj,46.60865,0,21.54696
BorderObj,-153.3447,0,23.54696
BorderObj,46.60865,0,23.54696
BorderObj,-153.3447,0,25.54696
BorderObj,46.60865,0,25.54696
BorderObj,-153.3447,0,27.54696
BorderObj,46.60865,0,27.54696
BorderObj,-153.3447,0,29.54696
BorderObj,46.60865,0,29.54696
BorderObj,-153.3447,0,31.54696
BorderObj,46.60865,0,31.54696
BorderObj,-153.3447,0,33.54696
BorderObj,46.60865,0,33.54696
BorderObj,-153.3447,0,35.54696
BorderObj,46.60865,0,35.54696
BorderObj,-153.3447,0,37.54696
BorderObj,46.60865,0,37.54696
BorderObj,-153.3447,0,39.54696
BorderObj,46.60865,0,39.54696
BorderObj,-153.3447,0,41.54696
BorderObj,46.60865,0,41.54696
BorderObj,-153.3447,0,43.54696
BorderObj,46.60865,0,43.54696
BorderObj,-153.3447,0,45.54696
BorderObj,46.60865,0,45.54696
BorderObj,-153.3447,0,47.54696
BorderObj,46.60865,0,47.54696
BorderObj,-153.3447,0,49.54696
BorderObj,46.60865,0,49.54696
BorderObj,-153.3447,0,51.54696
BorderObj,46.60865,0,51.54696
BorderObj,-153.3447,0,53.54696
BorderObj,46.60865,0,53.54696
BorderObj,-153.3447,0,55.54696
BorderObj,46.60865,0,55.54696
BorderObj,-153.3447,0,57.54696
BorderObj,46.60865,0,57.54696
BorderObj,-153.3447,0,59.54696
BorderObj,46.60865,0,59.54696
BorderObj,-153.3447,0,61.54696
BorderObj,46.60865,0,61.54696
BorderObj,-153.3447,0,63.54696
BorderObj,46.60865,0,63.54696
BorderObj,-153.3447,0,65.54696
BorderObj,46.60865,0,65.54696
BorderObj,-153.3447,0,67.54696
BorderObj,46.60865,0,67.54696
BorderObj,-153.3447,0,69.54696
BorderObj,46.60865,0,69.54696
BorderObj,-153.3447,0,71.54696
BorderObj,46.60865,0,71.54696
BorderObj,-153.3447,0,73.54696
BorderObj,46.60865,0,73.54696
BorderObj,-153.3447,0,75.54696
BorderObj,46.60865,0,75.54696
BorderObj,-153.3447,0,77.54696
BorderObj,46.60865,0,77.54696
BorderObj,-153.3447,0,79.54696
BorderObj,46.60865,0,79.54696
BorderObj,-153.3447,0,81.54696
BorderObj,46.60865,0,81.54696
BorderObj,-153.3447,0,83.54696
BorderObj,46.60865,0,83.54696
BorderObj,-153.3447,0,85.54696
BorderObj,46.60865,0,85.54696
BorderObj,-153.3447,0,87.54696
BorderObj,46.60865,0,87.54696
BorderObj,-153.3447,0,89.54696
BorderObj,46.60865,0,89.54696
BorderObj,-153.3447,0,91.54696
BorderObj,46.60865,0,91.54696
BorderObj,-153.3447,0,93.54696
BorderObj,46.60865,0,93.54696
BorderObj,-153.3447,0,95.54696
BorderObj,46.60865,0,95.54696
BorderObj,-153.3447,0,97.54696
BorderObj,46.60865,0,97.54696
BorderObj,-153.3447,0,99.54696
BorderObj,46.60865,0,99.54696
BorderObj,-153.3447,0,101.547
BorderObj,46.60865,0,101.547
BorderObj,-153.3447,0,103.547
BorderObj,46.60865,0,103.547
BorderObj,-153.3447,0,105.547
BorderObj,46.60865,0,105.547
BorderObj,-153.3447,0,107.547
BorderObj,46.60865,0,107.547
BorderObj,-153.3447,0,109.547
BorderObj,46.60865,0,109.547
BorderObj,-153.3447,0,111.547
BorderObj,46.60865,0,111.547
BorderObj,-153.3447,0,113.547
BorderObj,46.60865,0,113.547
BorderObj,-153.3447,0,115.547
BorderObj,46.60865,0,115.547
BorderObj,-153.3447,0,117.547
BorderObj,46.60865,0,117.547
BorderObj,-153.3447,0,119.547
BorderObj,46.60865,0,119.547
BorderObj,-153.3447,0,121.547
BorderObj,46.60865,0,121.547
BorderObj,-153.3447,0,123.547
BorderObj,46.60865,0,123.547
BorderObj,-153.3447,0,125.547
BorderObj,46.60865,0,125.547
BorderObj,-153.3447,0,127.547
BorderObj,46.60865,0,127.547
BorderObj,-153.3447,0,129.547
BorderObj,46.60865,0,129.547
BorderObj,-153.3447,0,131.547
BorderObj,46.60865,0,131.547
BorderObj,-153.3447,0,133.547
BorderObj,46.60865,0,133.547
BorderObj,-153.3447,0,135.547
BorderObj,46.60865,0,135.547
BorderObj,-153.3447,0,137.547
BorderObj,46.60865,0,137.547
BorderObj,-153.3447,0,139.547
BorderObj,46.60865,0,139.547
BorderObj,-153.3447,0,141.547
BorderObj,46.60865,0,141.547
BorderObj,-153.3447,0,143.547
BorderObj,46.60865,0,143.547
BorderObj,-153.3447,0,145.547
BorderObj,46.60865,0,145.547
BorderObj,-153.3447,0,147.547
BorderObj,46.60865,0,147.547
BorderObj,-153.3447,0,149.547
BorderObj,46.60865,0,149.547
BorderObj,-153.3447,0,151.547
BorderObj,46.60865,0,151.547
BorderObj,-153.3447,0,153.547
BorderObj,46.60865,0,153.547
BorderObj,-153.3447,0,155.547
BorderObj,46.60865,0,155.547
BorderObj,-153.3447,0,157.547
BorderObj,46.60865,0,157.547
BorderObj,-153.3447,0,159.547
BorderObj,46.60865,0,159.547
BorderObj,-153.3447,0,161.547
BorderObj,46.60865,0,161.547
BorderObj,-153.3447,0,163.547
BorderObj,46.60865,0,163.547
BorderObj,-153.3447,0,165.547
BorderObj,46.60865,0,165.547
BorderObj,-153.3447,0,167.547
BorderObj,46.60865,0,167.547
BorderObj,-153.3447,0,169.547
BorderObj,46.60865,0,169.547
BorderObj,-153.3447,0,171.547
BorderObj,46.60865,0,171.547
BorderObj,-153.3447,0,173.547
BorderObj,46.60865,0,173.547
BorderObj,-153.3447,0,175.547
BorderObj,46.60865,0,175.547
BorderObj,-153.3447,0,177.547
BorderObj,46.60865,0,177.547
BorderObj,-153.3447,0,179.547
BorderObj,46.60865,0,179.547
BorderObj,-153.3447,0,181.547
BorderObj,46.60865,0,181.547
BorderObj,-153.3447,0,183.547
BorderObj,46.60865,0,183.547
BorderObj,-153.3447,0,185.547
BorderObj,46.60865,0,185.547
BorderObj,-153.3447,0,187.547
BorderObj,46.60865,0,187.547
BorderObj,-153.3447,0,189.547
BorderObj,46.60865,0,189.547
BorderObj,-153.3447,0,191.547
BorderObj,46.60865,0,191.547
BorderObj,-153.3447,0,193.547
BorderObj,46.60865,0,193.547
BorderObj,-153.3447,0,195.547
BorderObj,46.60865,0,195.547
BorderObj,-153.3447,0,197.547
BorderObj,46.60865,0,197.547
BorderObj,-153.3447,0,199.547
BorderObj,46.60865,0,199.547
BorderObj,-153.3447,0,201.547
BorderObj,46.60865,0,201.547
BorderObj,-153.3447,0,203.547
BorderObj,46.60865,0,203.547
BorderObj,-153.3447,0,205.547
BorderObj,46.60865,0,205.547
BorderObj,-153.3447,0,207.547
BorderObj,46.60865,0,207.547
BorderObj,-153.3447,0,209.547
BorderObj,46.60865,0,209.547
Obstacle,14.725,0,105.7857
Obstacle,36.00038,0,49.74572
Obstacle,-76.86444,0,182.1073
Obstacle,-39.02454,0,75.06142
Obstacle,-87.53624,0,49.5132
Obstacle,-151.2764,0,154.6528
Obstacle,44.1032,0,77.0872
Obstacle,-65.39458,0,71.08204
Obstacle,-152.1784,0,191.5113
Obstacle,-133.8955,0,66.77644
Obstacle,-119.4637,0,32.006
Obstacle,-96.09167,0,77.6067
Obstacle,-139.9806,0,90.83152
Obstacle,-30.89319,0,109.3873
Obstacle,-75.08966,0,108.1909
Obstacle,-13.92744,0,165.5262
Obstacle,1.842846,0,93.49108
Obstacle,-68.00237,0,107.4078
Obstacle,-151.3861,0,191.5706
Obstacle,-129.3291,0,29.20654
Obstacle,-139.0349,0,132.6345
Obstacle,39.44963,0,139.5577
Obstacle,2.479847,0,200.1418
Obstacle,-117.877,0,138.3748
Obstacle,-97.51885,0,134.8951
Obstacle,-77.14675,0,60.23926
Obstacle,-46.00695,0,21.01487
Obstacle,-67.10371,0,87.3062
Obstacle,-9.782642,0,188.3835
Obstacle,-14.28157,0,151.6363
Obstacle,-92.34744,0,163.4759
Obstacle,-92.82516,0,27.89467
Obstacle,-29.61204,0,94.26022
Obstacle,-150.3597,0,174.9432
Obstacle,-47.05689,0,110.1122
Obstacle,-43.92821,0,185.1153
Obstacle,-39.97889,0,148.494
Obstacle,-57.74325,0,157.6031
Obstacle,-91.77177,0,113.8507
Obstacle,-105.1961,0,61.52424
Obstacle,37.61972,0,66.97926
Obstacle,7.970249,0,119.6822
Obstacle,-17.40449,0,27.11147
Obstacle,-66.60356,0,74.83768
Obstacle,-20.08591,0,65.67972
Obstacle,-38.4927,0,73.84272
Obstacle,43.18066,0,138.8918
Obstacle,-70.92581,0,103.8482
Obstacle,40.84818,0,100.2184
Obstacle,-85.62621,0,68.1949
Obstacle,-130.7055,0,168.1217
Obstacle,-60.25596,0,84.71084
Obstacle,-73.53978,0,101.7698
Obstacle,-13.05603,0,104.2255
Obstacle,5.648857,0,125.8851
Obstacle,-86.13585,0,125.0922
Obstacle,-61.38046,0,68.52534
Obstacle,-150.9302,0,133.1261
Obstacle,-105.8404,0,185.5984
Obstacle,-80.8562,0,132.4664
Obstacle,-34.04654,0,156.6405
Obstacle,-141.5445,0,154.2612
Obstacle,-96.04634,0,69.55721
Obstacle,-47.90329,0,181.8254
Obstacle,7.663431,0,93.67927
Obstacle,21.50572,0,139.8047
Obstacle,-43.42157,0,163.2229
Obstacle,35.48713,0,40.39796
Obstacle,41.79558,0,149.0387
Obstacle,-60.16473,0,70.78045
Obstacle,16.34251,0,36.97333
Obstacle,-146.719,0,166.9436
Obstacle,-148.9441,0,149.4225
Obstacle,28.09857,0,172.1039
Obstacle,-91.25038,0,91.22172
Obstacle,-75.10136,0,21.88945
Obstacle,-142.4562,0,81.22768
Obstacle,39.33932,0,87.63033
Obstacle,-35.72655,0,110.3827
Obstacle,-111.4379,0,51.22664
Obstacle,-35.61852,0,171.6462
Obstacle,-41.2601,0,89.41616
Obstacle,-16.06555,0,178.0668
Obstacle,-75.8037,0,48.04292
Obstacle,-146.8856,0,40.63336
Obstacle,9.198608,0,68.21214
Obstacle,-80.23561,0,19.87661
Obstacle,-60.10841,0,133.1188
Obstacle,-10.56623,0,96.21172
Obstacle,-144.4514,0,173.072
Obstacle,-71.40495,0,119.3871
Obstacle,-34.32371,0,130.0833
Obstacle,-91.22187,0,91.54604
Obstacle,-89.17324,0,77.91618
Obstacle,-152.6016,0,37.87126
Obstacle,-139.9963,0,22.50217
Obstacle,-76.93557,0,16.11125
Obstacle,13.3937,0,167.3807
Obstacle,-112.2231,0,38.25797
Obstacle,-104.449,0,97.8764
Obstacle,36.86671,0,122.3191
Obstacle,-86.85037,0,118.5603
Obstacle,25.46395,0,77.34398
Obstacle,-54.63274,0,150.29
Obstacle,-21.10522,0,18.26543
Obstacle,4.790962,0,155.6234
Obstacle,-28.31653,0,189.3311
Obstacle,-55.94478,0,54.9735
Obstacle,25.94806,0,57.71976
Obstacle,-56.01696,0,51.58297
Obstacle,14.35721,0,70.65347
Obstacle,-59.19126,0,38.81924
Obstacle,28.64323,0,98.52225
Obstacle,-136.6153,0,28.14624
Obstacle,-35.2728,0,31.43046
Obstacle,-123.7552,0,132.2182
Obstacle,10.13449,0,146.7848
Obstacle,-146.1384,0,107.578
Obstacle,-64.76554,0,168.854
Obstacle,31.60013,0,156.2259
Obstacle,-65.35127,0,175.6843
Obstacle,15.66511,0,59.1218
Obstacle,-18.25158,0,197.889
Obstacle,-136.4735,0,49.49081
Obstacle,-136.0586,0,135.8791
Obstacle,-78.57622,0,67.4929
Obstacle,-62.66828,0,76.58225
Obstacle,-100.6581,0,85.94173
Obstacle,-84.30172,0,198.9374
Obstacle,-55.96578,0,32.25144
Obstacle,-70.02972,0,178.2307
Obstacle,31.05797,0,163.0295
Obstacle,-40.80587,0,95.15819
Obstacle,-74.26002,0,77.17164
Obstacle,-84.76653,0,198.8226
Obstacle,34.6763,0,36.36379
Obstacle,-116.41,0,133.3692
Obstacle,-11.52047,0,207.0585
Obstacle,-88.0214,0,159.0432
Obstacle,29.66533,0,119.4815
Obstacle,-152.3331,0,89.83685
Obstacle,-23.8558,0,138.2811
Obstacle,-59.83675,0,207.0745
Obstacle,-60.571,0,68.48485
Obstacle,30.98076,0,48.4496
Obstacle,-87.24095,0,170.508
Obstacle,-110.0174,0,142.3211
Obstacle,38.52898,0,81.85741
Obstacle,8.868713,0,67.82886
Obstacle,-132.5414,0,48.13823
Obstacle,44.1088,0,14.47936
Obstacle,-123.4277,0,15.85175
Obstacle,-96.33159,0,87.14735
Obstacle,-126.0647,0,75.9734
Obstacle,-75.32635,0,189.3344
Obstacle,-62.33627,0,16.93779
Obstacle,-139.8095,0,166.8497
Obstacle,-90.43454,0,17.17713
Obstacle,-81.41198,0,179.7067
Obstacle,-72.01189,0,149.3655
Obstacle,-126.1219,0,136.2084
Obstacle,-140.426,0,63.75693
Obstacle,-149.0135,0,93.10169
Obstacle,-111.6078,0,94.88961
Obstacle,-137.1686,0,30.6869
Obstacle,-22.98619,0,142.6009
Obstacle,-71.35168,0,148.4311
Obstacle,-104.7568,0,91.92567
Obstacle,-64.39305,0,90.4533
Obstacle,37.20251,0,179.8943
Obstacle,-7.967171,0,165.0325
Obstacle,-133.6679,0,112.7193
Obstacle,37.88931,0,187.7386
Obstacle,-139.7785,0,206.658
Obstacle,-27.35886,0,148.2206
Obstacle,-134.4603,0,72.79512
Obstacle,-122.5079,0,209.6623
Obstacle,-140.7262,0,155.5209
Obstacle,33.61623,0,147.6601
Obstacle,-62.25496,0,57.28731
Obstacle,13.58987,0,155.6681
Obstacle,33.19292,0,151.2404
Obstacle,-67.27769,0,32.90903
Obstacle,-83.2171,0,89.96177
Obstacle,-121.1632,0,204.2604
Obstacle,-33.55687,0,210.3496
Obstacle,-35.19285,0,21.67635
Obstacle,-143.3599,0,30.89791
Obstacle,-76.69051,0,47.60967
Obstacle,-59.39885,0,94.56161
Obstacle,23.85369,0,114.1133
Obstacle,-34.60312,0,160.3799
Obstacle,-118.3865,0,146.856
Obstacle,23.1697,0,143.2652
Obstacle,-55.23069,0,152.958
Obstacle,-27.13463,0,150.0638
Obstacle,20.10991,0,207.3626
Obstacle,-61.69843,0,115.341
Obstacle,46.57185,0,162.6358
Obstacle,5.661299,0,145.1706
Obstacle,3.236362,0,195.7906
Obstacle,39.54462,0,80.41776
Obstacle,24.50737,0,66.79889
Obstacle,7.45293,0,95.28392
Obstacle,-97.88386,0,206.3121
Obstacle,-103.3376,0,71.39232
Obstacle,-6.76268,0,38.66051
Obstacle,-84.96489,0,205.8443
Obstacle,3.908524,0,32.2669
Obstacle,38.99798,0,46.25173
Obstacle,-84.88771,0,121.7472
Obstacle,-112.4464,0,18.81842
Obstacle,-66.55648,0,54.18776
Obstacle,-76.08559,0,26.45401
Obstacle,-149.7645,0,60.06468
Obstacle,-55.01883,0,28.73381
Obstacle,10.17504,0,165.9965
Obstacle,-119.3373,0,21.32938
Obstacle,0.4600067,0,39.20868
Obstacle,-117.0498,0,88.72055
Obstacle,-19.98231,0,47.71101
Obstacle,-80.94173,0,60.97358
Obstacle,-118.5894,0,74.87245
Obstacle,-57.0606,0,208.0405
Obstacle,-80.75514,0,205.4023
Obstacle,-136.947,0,61.33487
Obstacle,-92.81049,0,29.42892
Obstacle,-89.72588,0,89.51535
Obstacle,-114.1887,0,61.99354
Obstacle,-27.97731,0,31.57975
Obstacle,15.03714,0,173.7889
Obstacle,-47.29943,0,16.74248
Obstacle,-34.18932,0,127.7059
Obstacle,-58.81589,0,54.26283
Obstacle,40.44008,0,39.14316
Obstacle,-133.5614,0,35.4714
Obstacle,-86.14736,0,47.60112
Obstacle,18.57898,0,93.7014
Obstacle,-151.5522,0,181.0855
Obstacle,-76.45319,0,210.1078
Obstacle,40.45288,0,48.72889
Obstacle,-103.1922,0,131.4605
Obstacle,23.36509,0,192.5229
Obstacle,27.15046,0,193.3153
Obstacle,-62.27539,0,53.88434
Obstacle,-124.7159,0,70.10754
Obstacle,-39.16122,0,57.16526
Obstacle,-90.00813,0,12.67739
Obstacle,-20.80974,0,61.12477
Obstacle,-21.52414,0,185.6926
Obstacle,-133.0993,0,99.80354
Obstacle,0.09526443,0,66.20269
Obstacle,-102.7161,0,112.3659
Obstacle,-9.72784,0,60.81862
Obstacle,-35.44573,0,197.4512
Obstacle,22.11099,0,68.85975
Obstacle,-65.64233,0,196.8099
Target,-52.41103,0.5,112.3154
Target,-47.41103,0,117.3154
Target,-42.41103,0,122.3154
Target,-37.41103,0,127.3154
Target,-32.41103,0,132.3154
Target,-27.41103,0,137.3154
Target,-22.41103,0,142.3154
Target,-17.41103,0,147.3154
Target,-12.41103,0,152.3154
